/home/jasonzhang/emoticons/emoticons/Math_Gaussian.py:8: RuntimeWarning: overflow encountered in power
  / np.sqrt(np.power(2 * np.pi * var, u.shape[0]))
Nsamp total 194
isamp:  [ 0.326441  0.194749  1.222298  0.126851  0.124328 -0.625415 -0.77727
 -0.672511 -0.478697 -0.230666  0.080577  0.067407  1.167938 -0.131228
  0.026163 -0.790578] [[ 0.  0.  0.  0.  0.  0.  0.  0.  0.  1.  1.  0.  1.  0.  0.  0.]
 [ 1.  0.  1.  0.  0.  0.  0.  0.  0.  1.  1.  1.  1.  1.  1.  0.]
 [ 1.  0.  0.  0.  0.  0.  0.  0.  0.  1.  1.  0.  1.  0.  0.  0.]
 [ 1.  1.  1.  0.  0.  0.  0.  0.  0.  1.  1.  1.  1.  1.  1.  0.]
 [ 1.  1.  1.  1.  0.  0.  0.  0.  0.  1.  1.  1.  1.  1.  1.  0.]
 [ 1.  1.  1.  1.  1.  0.  0.  1.  1.  1.  1.  1.  1.  1.  1.  0.]
 [ 1.  1.  1.  1.  1.  1.  0.  1.  1.  1.  1.  1.  1.  1.  1.  1.]
 [ 1.  1.  1.  1.  1.  0.  0.  0.  0.  1.  1.  1.  1.  1.  1.  0.]
 [ 1.  1.  1.  1.  1.  0.  0.  1.  0.  1.  1.  1.  1.  1.  1.  0.]
 [ 0.  0.  0.  0.  0.  0.  0.  0.  0.  0.  0.  0.  1.  0.  0.  0.]
 [ 0.  0.  0.  0.  0.  0.  0.  0.  0.  1.  0.  0.  1.  0.  0.  0.]
 [ 1.  0.  1.  0.  0.  0.  0.  0.  0.  1.  1.  0.  1.  1.  0.  0.]
 [ 0.  0.  0.  0.  0.  0.  0.  0.  0.  0.  0.  0.  0.  0.  0.  0.]
 [ 1.  0.  1.  0.  0.  0.  0.  0.  0.  1.  1.  0.  1.  0.  0.  0.]
 [ 1.  0.  1.  0.  0.  0.  0.  0.  0.  1.  1.  1.  1.  1.  0.  0.]
 [ 1.  1.  1.  1.  1.  1.  0.  1.  1.  1.  1.  1.  1.  1.  1.  0.]]
pxu:  [ 0.0083571   0.44571338  0.09536879  0.01043058  0.16407175  0.0661092
  0.04548712  0.05171078  0.1127513 ]
sigma_u:  [[[ 1.20672253  0.10990073  0.12228977 ...,  0.05379384  0.0469395
    0.04776872]
  [ 0.10990073  0.96723775  0.17837314 ...,  0.55273649  0.66905021
   -0.09820925]
  [ 0.12228977  0.17837314  1.35422052 ...,  0.25685486  0.24037017
    0.32684773]
  ..., 
  [ 0.05379384  0.55273649  0.25685486 ...,  1.06716971  0.96251774
    0.29678815]
  [ 0.0469395   0.66905021  0.24037017 ...,  0.96251774  1.00707705
    0.17118191]
  [ 0.04776872 -0.09820925  0.32684773 ...,  0.29678815  0.17118191
    1.1069009 ]]

 [[ 1.64570031  0.42034195 -0.00374748 ...,  0.42504828  0.24898083
    0.60483707]
  [ 0.42034195  1.18677131  0.09098744 ...,  0.81578944  0.81259491
    0.29632859]
  [-0.00374748  0.09098744  0.99620448 ...,  0.03627707  0.03276835
    0.03510515]
  ..., 
  [ 0.42504828  0.81578944  0.03627707 ...,  1.34818979  1.090134
    0.72980448]
  [ 0.24898083  0.81259491  0.03276835 ...,  1.090134    1.04329983
    0.37755942]
  [ 0.60483707  0.29632859  0.03510515 ...,  0.72980448  0.37755942
    1.76976114]]

 [[ 1.868442    0.32164972  0.24166898 ...,  0.4171636   0.2970508
    0.27603753]
  [ 0.32164972  1.03075554  0.18054694 ...,  0.65366239  0.73244586
   -0.04955549]
  [ 0.24166898  0.18054694  1.06974086 ...,  0.19201153  0.14415604
    0.16084455]
  ..., 
  [ 0.4171636   0.65366239  0.19201153 ...,  1.21114239  1.03963595
    0.33385303]
  [ 0.2970508   0.73244586  0.14415604 ...,  1.03963595  1.0363349
    0.16177129]
  [ 0.27603753 -0.04955549  0.16084455 ...,  0.33385303  0.16177129
    1.04537354]]

 ..., 
 [[ 1.32750557  0.40797813  0.2001726  ...,  0.30887826  0.25601738
    0.27353547]
  [ 0.40797813  1.62242008  0.49227602 ...,  1.17231858  1.18969081
    0.48657865]
  [ 0.2001726   0.49227602  1.22031319 ...,  0.43636785  0.36813246
    0.43063112]
  ..., 
  [ 0.30887826  1.17231858  0.43636785 ...,  1.60466129  1.40464988
    0.77700175]
  [ 0.25601738  1.18969081  0.36813246 ...,  1.40464988  1.3687248
    0.56038743]
  [ 0.27353547  0.48657865  0.43063112 ...,  0.77700175  0.56038743
    1.51941553]]

 [[ 1.26829498  0.18862927  0.30761246 ...,  0.15031353  0.22022401
   -0.02644662]
  [ 0.18862927  1.06059162  0.41935428 ...,  0.68019309  0.87841785
   -0.14724843]
  [ 0.30761246  0.41935428  1.90979857 ...,  0.54513881  0.76863786
    0.07824922]
  ..., 
  [ 0.15031353  0.68019309  0.54513881 ...,  1.21623583  1.24090195
    0.1550897 ]
  [ 0.22022401  0.87841785  0.76863786 ...,  1.24090195  1.47439801
    0.03883257]
  [-0.02644662 -0.14724843  0.07824922 ...,  0.1550897   0.03883257
    0.90875145]]

 [[ 1.44453227  0.39331003  0.33651541 ...,  0.51237577  0.05109745
    0.38103733]
  [ 0.39331003  1.29786523  0.46829306 ...,  1.09874009  0.69986015
    0.31430568]
  [ 0.33651541  0.46829306  1.37901476 ...,  0.67243877  0.11850077
    0.55252295]
  ..., 
  [ 0.51237577  1.09874009  0.67243877 ...,  1.95144256  0.97238842
    0.94054822]
  [ 0.05109745  0.69986015  0.11850077 ...,  0.97238842  0.91333035
    0.12133462]
  [ 0.38103733  0.31430568  0.55252295 ...,  0.94054822  0.12133462
    1.54090817]]]
map:  [[ 0.2106989   0.04992541  0.05318013  0.1318777   0.09162931  0.07752562
   0.01550927  0.20886434  0.16078933]
 [ 0.01328017  0.19674401  0.15729978  0.08492357  0.08095477  0.1458939
   0.27490441  0.03881783  0.00718157]
 [ 0.18766424  0.19098324  0.16404011  0.08793471  0.01858297  0.08295016
   0.08404167  0.12819568  0.05560721]
 [ 0.05650289  0.12564172  0.18513372  0.08242721  0.12383352  0.11315701
   0.00488406  0.21323592  0.09518395]
 [ 0.13643465  0.01496425  0.18784132  0.02541773  0.15960821  0.02103547
   0.1979659   0.18129086  0.07544161]
 [ 0.19821317  0.08148399  0.04678792  0.12292295  0.02708304  0.08741041
   0.19806795  0.12930772  0.10872286]
 [ 0.03489593  0.1179148   0.02235441  0.15320386  0.11599792  0.11309494
   0.14401193  0.17955178  0.11897443]
 [ 0.07016401  0.02926988  0.10453181  0.28948271  0.21240243  0.05567767
   0.04781175  0.07517053  0.11548919]
 [ 0.17347592  0.0945912   0.14950251  0.01351472  0.19551405  0.1032396
   0.17263357  0.08149692  0.01603149]]
pyv:  [ 0.  0.  0.  0.  0.  0.  0.  0.  0.]
sigma_v:  [ 79.80740714  81.40504663  79.64928036  76.47502304  76.78003546
  78.29213088  79.96719622  79.62604663  79.75110509]
core[isamp] 0.0
Traceback (most recent call last):
  File "CADrank.py", line 388, in <module>
    result = crossValid(x, y, Nu=Nu, Nv=Nv)
  File "CADrank.py", line 335, in crossValid
    y_pred = CADrank(Nu=Nu_sel,Nv=Nv_sel).fit(x_train, y_train).predict(x_test)
  File "CADrank.py", line 61, in fit
    self.llh, pxu, pyv = self.llhcal(x, y)
  File "CADrank.py", line 206, in llhcal
    raise e
AssertionError
